<?xml version="1.0"?>
<opencv_storage>
<CornersAmount>48</CornersAmount>
<Corner_0>
  242 356</Corner_0>
<Corner_1>
  257 356</Corner_1>
<Corner_2>
  272 356</Corner_2>
<Corner_3>
  287 357</Corner_3>
<Corner_4>
  302 357</Corner_4>
<Corner_5>
  317 357</Corner_5>
<Corner_6>
  332 357</Corner_6>
<Corner_7>
  347 358</Corner_7>
<Corner_8>
  240 363</Corner_8>
<Corner_9>
  255 364</Corner_9>
<Corner_10>
  270 365</Corner_10>
<Corner_11>
  286 365</Corner_11>
<Corner_12>
  301 366</Corner_12>
<Corner_13>
  317 365</Corner_13>
<Corner_14>
  332 365</Corner_14>
<Corner_15>
  348 365</Corner_15>
<Corner_16>
  238 371</Corner_16>
<Corner_17>
  253 373</Corner_17>
<Corner_18>
  269 373</Corner_18>
<Corner_19>
  286 374</Corner_19>
<Corner_20>
  301 375</Corner_20>
<Corner_21>
  317 374</Corner_21>
<Corner_22>
  333 374</Corner_22>
<Corner_23>
  349 374</Corner_23>
<Corner_24>
  235 380</Corner_24>
<Corner_25>
  252 381</Corner_25>
<Corner_26>
  268 382</Corner_26>
<Corner_27>
  285 382</Corner_27>
<Corner_28>
  300 383</Corner_28>
<Corner_29>
  317 384</Corner_29>
<Corner_30>
  333 384</Corner_30>
<Corner_31>
  350 383</Corner_31>
<Corner_32>
  233 391</Corner_32>
<Corner_33>
  250 391</Corner_33>
<Corner_34>
  266 392</Corner_34>
<Corner_35>
  283 392</Corner_35>
<Corner_36>
  300 393</Corner_36>
<Corner_37>
  317 394</Corner_37>
<Corner_38>
  334 393</Corner_38>
<Corner_39>
  351 393</Corner_39>
<Corner_40>
  231 400</Corner_40>
<Corner_41>
  249 401</Corner_41>
<Corner_42>
  265 402</Corner_42>
<Corner_43>
  283 403</Corner_43>
<Corner_44>
  299 404</Corner_44>
<Corner_45>
  317 403</Corner_45>
<Corner_46>
  334 403</Corner_46>
<Corner_47>
  352 404</Corner_47>
</opencv_storage>
