<?xml version="1.0"?>
<opencv_storage>
<CornersAmount>48</CornersAmount>
<Corner_0>
  352 404</Corner_0>
<Corner_1>
  335 404</Corner_1>
<Corner_2>
  318 403</Corner_2>
<Corner_3>
  300 402</Corner_3>
<Corner_4>
  282 403</Corner_4>
<Corner_5>
  265 402</Corner_5>
<Corner_6>
  247 401</Corner_6>
<Corner_7>
  231 400</Corner_7>
<Corner_8>
  351 392</Corner_8>
<Corner_9>
  334 392</Corner_9>
<Corner_10>
  317 392</Corner_10>
<Corner_11>
  300 392</Corner_11>
<Corner_12>
  284 392</Corner_12>
<Corner_13>
  267 391</Corner_13>
<Corner_14>
  250 390</Corner_14>
<Corner_15>
  233 390</Corner_15>
<Corner_16>
  349 383</Corner_16>
<Corner_17>
  333 383</Corner_17>
<Corner_18>
  317 383</Corner_18>
<Corner_19>
  300 383</Corner_19>
<Corner_20>
  284 383</Corner_20>
<Corner_21>
  268 381</Corner_21>
<Corner_22>
  251 381</Corner_22>
<Corner_23>
  234 380</Corner_23>
<Corner_24>
  349 374</Corner_24>
<Corner_25>
  332 373</Corner_25>
<Corner_26>
  317 374</Corner_26>
<Corner_27>
  301 374</Corner_27>
<Corner_28>
  285 373</Corner_28>
<Corner_29>
  268 373</Corner_29>
<Corner_30>
  254 373</Corner_30>
<Corner_31>
  238 373</Corner_31>
<Corner_32>
  347 366</Corner_32>
<Corner_33>
  333 366</Corner_33>
<Corner_34>
  317 365</Corner_34>
<Corner_35>
  301 366</Corner_35>
<Corner_36>
  285 365</Corner_36>
<Corner_37>
  270 365</Corner_37>
<Corner_38>
  255 363</Corner_38>
<Corner_39>
  239 363</Corner_39>
<Corner_40>
  347 357</Corner_40>
<Corner_41>
  332 358</Corner_41>
<Corner_42>
  317 357</Corner_42>
<Corner_43>
  302 357</Corner_43>
<Corner_44>
  287 356</Corner_44>
<Corner_45>
  272 356</Corner_45>
<Corner_46>
  256 355</Corner_46>
<Corner_47>
  242 355</Corner_47>
</opencv_storage>
