<?xml version="1.0"?>
<opencv_storage>
<CameraMatrix type_id="opencv-matrix">
  <rows>3</rows>
  <cols>3</cols>
  <dt>f</dt>
  <data>
    4.8830587953436986e+02 0. 322.
    0. 4.8830587953436986e+02 243.
    0. 0. 1.
  </data>
</CameraMatrix>
<DistortionCoeffs type_id="opencv-matrix">
  <rows>5</rows>
  <cols>1</cols>
  <dt>f</dt>
  <data>
    -3.7134926549332231e-01 
	2.0065088567184144e-01 
	0. 
	0.
    -6.3320642922843257e-02
  </data>
</DistortionCoeffs>
</opencv_storage>
