<?xml version="1.0"?>
<opencv_storage>
<calibration_time>"Mon Feb 19 10:37:34 2018"</calibration_time>
<nr_of_frames>41</nr_of_frames>
<image_width>644</image_width>
<image_height>486</image_height>
<board_width>8</board_width>
<board_height>6</board_height>
<square_size>25.</square_size>
<fix_aspect_ratio>1.</fix_aspect_ratio>
<!-- flags: +fix_aspectRatio +fix_principal_point +zero_tangent_dist +fix_k4 +fix_k5 -->
<flags>6158</flags>
<fisheye_model>0</fisheye_model>
<camera_matrix type_id="opencv-matrix">
  <rows>3</rows>
  <cols>3</cols>
  <dt>d</dt>
  <data>
    4.8804091800597013e+02 0. 322. 0. 4.8804091800597013e+02 243. 0. 0.
    1.</data></camera_matrix>
<distortion_coefficients type_id="opencv-matrix">
  <rows>5</rows>
  <cols>1</cols>
  <dt>d</dt>
  <data>
    -3.7593518147266869e-01 2.1351152659398001e-01 0. 0.
    -7.3270025984443016e-02</data></distortion_coefficients>
<avg_reprojection_error>4.8830528880363266e-01</avg_reprojection_error>
<per_view_reprojection_errors type_id="opencv-matrix">
  <rows>41</rows>
  <cols>1</cols>
  <dt>f</dt>
  <data>
    2.02294454e-01 2.86900312e-01 1.55676007e-01 1.22851916e-01
    1.78825200e-01 1.82973489e-01 2.40093619e-01 2.10866064e-01
    2.60473633e+00 1.92925856e-01 1.55674472e-01 1.87835366e-01
    1.93623886e-01 1.64085969e-01 1.52048379e-01 2.06958324e-01
    2.04648003e-01 1.63853392e-01 2.52626449e-01 2.26228088e-01
    2.96211421e-01 4.05247241e-01 3.81169796e-01 3.20760250e-01
    3.61060828e-01 3.09287816e-01 3.00338626e-01 2.24472016e-01
    2.52434254e-01 2.36540943e-01 2.13709325e-01 2.42159724e-01
    4.04231280e-01 2.23239914e-01 4.92065519e-01 3.52688253e-01
    1.50840014e-01 4.12387848e-01 2.09554732e-01 4.70855266e-01
    3.48677278e-01</data></per_view_reprojection_errors>
<!-- a set of 6-tuples (rotation vector + translation vector) for each view -->
<extrinsic_parameters type_id="opencv-matrix">
  <rows>41</rows>
  <cols>6</cols>
  <dt>d</dt>
  <data>
    1.1204026428750784e-01 1.2789253507137735e-01 1.0410215105748351e-03
    -5.2663249955730862e+01 -2.6003849864202198e+00
    3.4081907625986457e+02 4.9162036896227340e-01 9.9888403793332456e-02
    -2.9126928795587915e-02 -5.7901985390334588e+01
    1.7509484472057441e+01 3.2293301627173338e+02 1.3797053283852462e-01
    9.0063152873766983e-02 -8.9345910037552396e-03
    -1.2709747242249881e+01 1.0495225288897313e+01
    3.5182436579066962e+02 6.0109556378888103e-02 2.6833015175110012e-02
    -2.7224117472474472e-02 2.8501344997970030e+01
    1.6781066257450718e+01 3.5483634079555162e+02
    -5.5080845750578214e-02 -5.3086955193144547e-03
    -4.8816867425893464e-03 -3.2884101495939944e+01
    1.1167059260968458e+01 3.6743204380752536e+02 2.1839577242205178e-02
    -2.4252702438312030e-02 1.0897913161858921e-02
    -8.8990893159319569e+01 1.0987299932400633e+01
    3.6546223264352687e+02 6.0228640207437021e-03
    -3.9653532217507538e-02 1.7967942862912891e-02
    -1.3609343850188435e+02 1.0213811474156511e+01
    3.6377597661043609e+02 7.9883701602625375e-03 1.5766436628837105e-01
    3.2167152512521321e-02 -1.7300913718703796e+02
    8.2311224251245516e+00 3.7982298592758133e+02 2.0287377879657221e-02
    6.9590354798821397e-01 2.4418219436925744e-02
    -1.7495111119906335e+02 8.0613980497873623e+00
    4.2910870539766478e+02 -1.3427458273888814e-02
    4.4616542778861945e-01 1.3039373084256510e-02
    -1.8072039156637587e+02 9.3659772884073860e+00
    4.0248674036903066e+02 -6.7172449680914376e-02
    -5.1242025889046028e-01 -4.6492224170413592e-02
    -1.4779021113015790e+02 1.1980618634240960e+01
    3.2701231189976420e+02 -7.0441189481672023e-02
    -9.4485702363386792e-01 -7.5021189973683775e-02
    -1.0863323197478580e+02 1.2442087052913665e+01
    3.1187988639525298e+02 -1.2082257894390283e-01
    -8.6189402960839845e-01 -6.6324729502602514e-02
    -1.0615248190050949e+02 1.1153608344714376e+01
    3.1775741666722610e+02 -7.0913209581677447e-02
    -3.2029830434809037e-01 -2.9792335125988306e-02
    -5.4877901121598704e+01 9.8749321189034251e+00
    3.3386480768759185e+02 9.2993175125992891e-03 3.0981355104732589e-01
    -1.8278377388687546e-02 1.2041037962691464e+01
    1.0283032190729765e+01 3.7640625818770917e+02
    -2.3444013329194050e-03 8.3767337019169752e-01
    3.9067609530674244e-02 5.0273288046655757e+01 6.7420630936065500e+00
    4.2311911571994051e+02 4.9229482467167806e-04 9.5240568571406647e-01
    3.2455945091746909e-02 5.9782971909696450e+01 8.7483741687825187e+00
    4.3005467886779871e+02 -2.1270792747564590e-02
    4.4130549126686608e-01 3.0109546478883649e-02
    -3.1322745849843400e+01 7.7811633394657900e+00
    4.1471362484641026e+02 -4.9956264251089559e-02
    -1.0814484609032438e-01 2.0209664700593943e-02
    -1.3484624220338191e+02 6.1181500436849490e+00
    3.7990367650392591e+02 -2.3568863937436787e-02
    -3.0102262926673029e-01 -1.7028216555349699e-02
    -1.9198409013241860e+02 1.0859243428997971e+01
    3.5259112901639935e+02 -7.2390699579886086e-02
    -2.5502174176549908e-01 -4.9044406811495512e-04
    -2.1015779152957552e+02 -8.0512709263635259e+01
    3.3382616010842509e+02 1.3169884229249795e-01
    -3.2065259582713829e-01 -2.3984890165854901e-02
    -2.1750147808362416e+02 -1.2330745021490844e+02
    3.1803565491077654e+02 1.3710954173606454e-01
    -2.7448393965919077e-01 -1.1844460844484175e-02
    -2.0965249510451977e+02 -1.2224289145397580e+02
    3.1570336573002839e+02 4.3797332745884532e-01
    -2.7957022068055248e-01 5.0055792566445996e-02
    -1.8977621256968715e+02 -1.0310150515286492e+02
    2.7989804995633256e+02 2.3417341824379412e-01
    -2.7206616458214811e-01 2.8373387152918126e-02
    -1.9492723962211181e+02 -1.0781029822231120e+02
    3.0179656633420478e+02 3.8073868574151230e-02
    -2.7980505219590129e-01 2.2872305877023467e-02
    -1.9653344586026756e+02 -1.1334404700028857e+02
    3.3085927411632878e+02 2.8268850036505672e-02 1.5244402035865291e-02
    2.2830606808323547e-02 -1.2903548043116822e+02
    -1.1109478334556565e+02 3.5616601168040063e+02
    5.2436400769763289e-02 3.9904912274575949e-01
    -1.1267490272546848e-02 -4.2581678362009768e+01
    -1.0155833305402075e+02 3.7156799034878838e+02
    8.3009730204305562e-02 6.9411600625516745e-01
    -4.5909461764188308e-02 5.0004550654468197e+01
    -1.0393860578807613e+02 3.6036220563967032e+02
    5.9375408880640142e-02 7.1477937073060338e-01
    -5.1887691117868256e-02 2.7976703853867505e+01
    -9.9503219473557920e+01 3.7955235018883508e+02
    7.5736651910804254e-02 6.4645598298207085e-01
    -3.8156110172564033e-02 1.7775490256995692e+01
    -9.7540856686458042e+01 3.7799903659392544e+02
    3.3231700945163084e-01 5.8891258862106788e-01
    -7.7516046955543830e-02 3.7496668073173574e+00
    -8.7096728792628213e+01 3.4684451995710901e+02
    5.6145591148728369e-01 6.2208261130809073e-01
    -1.6006107417445581e-01 -1.2154965819196509e+01
    -6.5956600928309911e+01 3.2635761765893244e+02
    1.1051206932847786e-01 6.2125212098752336e-01
    -6.0144220883307916e-03 1.8551759832960812e+01
    -1.0197002770672739e+02 3.6681290816781626e+02
    7.0220121731975671e-01 5.0117698954673739e-01
    -1.1003920396930081e-01 -5.6906507321802478e+00
    -6.0398830352354338e+01 3.0893900381902773e+02
    5.3356677217495252e-01 -7.1864803997926452e-01
    1.6719719152689214e-01 -1.1276585083159951e+02
    -5.5370364450878185e+01 2.5838728950392647e+02
    -6.2550064144900452e-01 -1.6032313677179963e-01
    -1.9056594754381158e-03 -1.0686235041372780e+02
    -9.9986516490821159e-02 4.3182563255844644e+02
    -1.1604739246225868e+00 -5.6533840343316280e-02
    -5.7230470350281198e-02 -8.0318947240580314e+01
    4.7363208949209330e+01 4.1553031710618262e+02
    -1.1436464973976355e+00 -2.3864640197321870e-02
    -1.7675776341122339e-02 -7.9850194839162072e+01
    4.3613655871928607e+01 4.2108063089972950e+02
    -1.1586534670013429e+00 -2.4570267957253106e-02
    -2.4012245908606809e-02 -8.1120510390675292e+01
