<?xml version="1.0"?>
<opencv_storage>
<CornersAmount>48</CornersAmount>
<Corner_0>
  251 363</Corner_0>
<Corner_1>
  262 357</Corner_1>
<Corner_2>
  271 351</Corner_2>
<Corner_3>
  280 346</Corner_3>
<Corner_4>
  288 340</Corner_4>
<Corner_5>
  297 335</Corner_5>
<Corner_6>
  304 331</Corner_6>
<Corner_7>
  314 325</Corner_7>
<Corner_8>
  262 367</Corner_8>
<Corner_9>
  271 361</Corner_9>
<Corner_10>
  282 356</Corner_10>
<Corner_11>
  291 349</Corner_11>
<Corner_12>
  299 344</Corner_12>
<Corner_13>
  308 338</Corner_13>
<Corner_14>
  316 334</Corner_14>
<Corner_15>
  323 329</Corner_15>
<Corner_16>
  274 372</Corner_16>
<Corner_17>
  284 365</Corner_17>
<Corner_18>
  292 359</Corner_18>
<Corner_19>
  302 353</Corner_19>
<Corner_20>
  310 348</Corner_20>
<Corner_21>
  319 343</Corner_21>
<Corner_22>
  326 337</Corner_22>
<Corner_23>
  334 332</Corner_23>
<Corner_24>
  285 377</Corner_24>
<Corner_25>
  294 370</Corner_25>
<Corner_26>
  304 364</Corner_26>
<Corner_27>
  313 358</Corner_27>
<Corner_28>
  322 352</Corner_28>
<Corner_29>
  329 346</Corner_29>
<Corner_30>
  338 341</Corner_30>
<Corner_31>
  345 335</Corner_31>
<Corner_32>
  296 381</Corner_32>
<Corner_33>
  307 375</Corner_33>
<Corner_34>
  316 367</Corner_34>
<Corner_35>
  324 362</Corner_35>
<Corner_36>
  333 356</Corner_36>
<Corner_37>
  341 350</Corner_37>
<Corner_38>
  349 345</Corner_38>
<Corner_39>
  357 339</Corner_39>
<Corner_40>
  310 387</Corner_40>
<Corner_41>
  318 380</Corner_41>
<Corner_42>
  328 373</Corner_42>
<Corner_43>
  336 366</Corner_43>
<Corner_44>
  345 361</Corner_44>
<Corner_45>
  353 354</Corner_45>
<Corner_46>
  361 349</Corner_46>
<Corner_47>
  367 343</Corner_47>
</opencv_storage>
