<?xml version="1.0"?>
<opencv_storage>
<CornersAmount>48</CornersAmount>
<Corner_0>
  368 342</Corner_0>
<Corner_1>
  360 349</Corner_1>
<Corner_2>
  353 354</Corner_2>
<Corner_3>
  345 360</Corner_3>
<Corner_4>
  337 366</Corner_4>
<Corner_5>
  328 373</Corner_5>
<Corner_6>
  319 379</Corner_6>
<Corner_7>
  309 387</Corner_7>
<Corner_8>
  356 339</Corner_8>
<Corner_9>
  349 345</Corner_9>
<Corner_10>
  341 349</Corner_10>
<Corner_11>
  332 356</Corner_11>
<Corner_12>
  325 362</Corner_12>
<Corner_13>
  316 367</Corner_13>
<Corner_14>
  306 375</Corner_14>
<Corner_15>
  297 383</Corner_15>
<Corner_16>
  345 336</Corner_16>
<Corner_17>
  338 340</Corner_17>
<Corner_18>
  330 346</Corner_18>
<Corner_19>
  322 351</Corner_19>
<Corner_20>
  313 358</Corner_20>
<Corner_21>
  304 363</Corner_21>
<Corner_22>
  294 370</Corner_22>
<Corner_23>
  285 376</Corner_23>
<Corner_24>
  335 332</Corner_24>
<Corner_25>
  326 337</Corner_25>
<Corner_26>
  319 342</Corner_26>
<Corner_27>
  310 348</Corner_27>
<Corner_28>
  301 354</Corner_28>
<Corner_29>
  292 359</Corner_29>
<Corner_30>
  283 366</Corner_30>
<Corner_31>
  274 372</Corner_31>
<Corner_32>
  324 329</Corner_32>
<Corner_33>
  316 333</Corner_33>
<Corner_34>
  307 339</Corner_34>
<Corner_35>
  299 344</Corner_35>
<Corner_36>
  290 349</Corner_36>
<Corner_37>
  281 355</Corner_37>
<Corner_38>
  272 361</Corner_38>
<Corner_39>
  262 367</Corner_39>
<Corner_40>
  313 326</Corner_40>
<Corner_41>
  305 330</Corner_41>
<Corner_42>
  297 335</Corner_42>
<Corner_43>
  289 340</Corner_43>
<Corner_44>
  280 345</Corner_44>
<Corner_45>
  271 351</Corner_45>
<Corner_46>
  261 356</Corner_46>
<Corner_47>
  251 362</Corner_47>
</opencv_storage>
