<?xml version="1.0"?>
<opencv_storage>
<calibration_time>"Mon Feb 19 11:18:24 2018"</calibration_time>
<nr_of_frames>41</nr_of_frames>
<image_width>644</image_width>
<image_height>486</image_height>
<board_width>8</board_width>
<board_height>6</board_height>
<square_size>25.</square_size>
<fix_aspect_ratio>1.</fix_aspect_ratio>
<!-- flags: +fix_aspectRatio +fix_principal_point +zero_tangent_dist +fix_k4 +fix_k5 -->
<flags>6158</flags>
<fisheye_model>0</fisheye_model>
<camera_matrix type_id="opencv-matrix">
  <rows>3</rows>
  <cols>3</cols>
  <dt>d</dt>
  <data>
    4.9040872563784097e+02 0. 322. 0. 4.9040872563784097e+02 243. 0. 0.
    1.</data></camera_matrix>
<distortion_coefficients type_id="opencv-matrix">
  <rows>5</rows>
  <cols>1</cols>
  <dt>d</dt>
  <data>
    -3.9740295522840441e-01 2.8459656120411586e-01 0. 0.
    -1.4211674279394723e-01</data></distortion_coefficients>
<avg_reprojection_error>6.0424173695994887e-01</avg_reprojection_error>
<per_view_reprojection_errors type_id="opencv-matrix">
  <rows>41</rows>
  <cols>1</cols>
  <dt>f</dt>
  <data>
    3.37544382e-01 2.71217525e-01 3.63889188e-01 4.11657900e-01
    3.27223539e-01 3.53005350e-01 4.07425493e-01 4.49770004e-01
    5.02149045e-01 5.14258265e-01 4.81848478e-01 5.14409721e-01
    4.25130278e-01 4.30947393e-01 4.86579746e-01 5.39413691e-01
    4.86492634e-01 4.83247668e-01 5.33321202e-01 5.71414471e-01
    4.93365884e-01 4.75785196e-01 1.66559172e+00 7.86801755e-01
    1.86137629e+00 3.94165039e-01 4.03537959e-01 5.19770265e-01
    5.52645504e-01 5.10902107e-01 5.60393333e-01 5.48753202e-01
    4.31004971e-01 3.06274086e-01 2.60902673e-01 4.40118015e-01
    4.55024183e-01 5.66026032e-01 4.06422824e-01 5.80147088e-01
    4.72316653e-01</data></per_view_reprojection_errors>
<!-- a set of 6-tuples (rotation vector + translation vector) for each view -->
<extrinsic_parameters type_id="opencv-matrix">
  <rows>41</rows>
  <cols>6</cols>
  <dt>d</dt>
  <data>
    -1.0982658660192968e-01 3.2117188881605435e-01
    1.9683141189697703e-03 1.1957611472411858e+00
    -4.7626137598551466e+01 3.1876725165729152e+02
    -1.4223713997355500e-01 -4.5157820647307328e-01
    -7.3436350658054594e-02 -1.0958490097519069e+02
    -4.1092369423590661e+01 2.5685154474065916e+02
    -8.5571128448062486e-02 4.0300892356093959e-01
    3.8805291985134272e-03 -8.2576521733640050e+01
    -5.5303535921934696e+01 3.3182718959285182e+02
    -7.1436382931774289e-02 2.2935809692816937e-02
    -2.1948890268461117e-02 -6.9368177428969631e+01
    -5.4552893988932681e+01 2.7508172537657157e+02
    -1.4052007498564839e-01 -6.6171607744764638e-01
    -5.0248716305376244e-02 -1.1114958227762881e+02
    -5.5366591331317721e+01 2.0099617752127924e+02
    -8.3714926645821877e-02 3.3507567527253990e-01
    -2.2433600162532354e-02 -3.2927030030723301e+01
    -5.1870281284659946e+01 3.0447312122391770e+02
    6.6555527330463692e-04 3.5151023934675296e-01
    -3.6378902307175706e-02 -4.1309070608777560e+01
    -3.2245557212265702e+01 2.9260661958270134e+02
    2.9514386274798004e-02 7.4907413548415380e-01
    -2.7413801654344813e-02 -1.8055122602451231e+01
    -3.9452463352277000e+01 3.1772140176843459e+02
    6.4948659476085038e-02 8.7466724589400491e-01
    -9.0461239562587012e-04 -8.3994447971289841e+00
    -3.8283043305173429e+01 3.2048282580020867e+02
    -8.4052706021577370e-02 9.8926350111372618e-01
    2.7097965035426799e-02 -3.8802040971083458e+00
    -3.9547977407215804e+01 3.3499673907295272e+02
    -5.1542670202905080e-02 9.0246070601799133e-01
    6.0738869730955991e-02 -1.6723849393703652e+01
    -5.5821424920810124e+01 3.3479991702483710e+02
    4.6215338378170406e-01 8.5645798735010092e-01
    -1.8648060900173180e-01 -5.5077860400446234e+01
    -3.9714549700644625e+01 3.1043261485866429e+02
    6.7501756350888853e-01 5.3806172845983447e-01
    -2.3465609088253866e-01 -4.9133158867305042e+01
    -7.7119329083635392e+01 2.7911825357015351e+02
    5.8721435159006419e-01 9.4084552978093913e-02
    -1.2523718928164357e-01 -1.0295211312367029e+02
    -7.4047322319930942e+01 2.1075036163137463e+02
    5.3529552478765796e-01 -1.9247805667166054e-01
    -8.5067186003000769e-02 -1.2746196047447643e+02
    -6.6745255265698049e+01 1.7137089449088720e+02
    4.6305586050107544e-01 -1.2471775465591460e-01
    1.0263085635863736e-01 -1.1320247043546550e+02
    -7.2170122289386399e+01 1.7188851430598095e+02
    5.5504143975524489e-01 -8.6846515500477284e-02
    7.2461720341144065e-02 -1.1386046661120028e+02
    -5.8254150438548471e+01 1.7204276972282602e+02
    5.4175658896280066e-01 -1.0583521631027702e-01
    8.1136005059358057e-02 -1.0426990131225222e+02
    -6.0922354925017757e+01 1.7739186379934728e+02
    -7.1550715755853714e-02 -3.7648084034928558e-02
    -4.2971036911044714e-03 -1.0536092414627822e+02
    -8.6536908227420355e+01 2.2669474497283156e+02
    -7.5659650143697866e-03 -6.6313537208037690e-02
    -5.2917065846178078e-02 -1.1421433863512594e+02
    -9.7714261087113428e+01 2.1505541441451226e+02
    -2.2122243990842683e-01 1.5227023215698463e-01
    -1.6427443108382248e-02 -1.0685499918998636e+02
    -9.9426442576927101e+01 2.6649751426284115e+02
    -2.0756155280092822e-01 7.7417612199706026e-02
    -6.0196561437099408e-02 -1.2226164099887049e+02
    -9.1274796477623624e+01 2.5188613050282072e+02
    -5.8725365164217869e-01 3.9810430721590927e-02
    -1.4817678017706645e-01 -1.2915244853154081e+02
    -4.7233776754178677e+01 2.5102717726744680e+02
    -4.5574822128617359e-01 3.1296721999841487e-02
    -1.9753754525982804e-02 -1.1873136214847362e+02
    -7.5057146810277729e+01 2.5867873844847634e+02
    -5.4939195484904479e-01 1.1896253118829385e-01
    5.5570202723507128e-02 -1.1027362385667264e+02
    -7.8425181414397173e+01 2.9607065636362705e+02
    -4.3806145378879763e-01 9.4474851298316717e-02
    -1.4261282517904849e-02 -1.0476694919108468e+02
    -8.5628851990473621e+01 2.8242480015900998e+02
    -3.9993202730965999e-01 3.1876817077698644e-01
    5.1404163520874131e-02 -7.5643720116045884e+01
    -9.0556550345064906e+01 3.0783778260215405e+02
    -3.7453118725521445e-01 3.0583351458399416e-01
    5.1207655179808520e-02 -1.0909535446800588e+02
    -8.7617980938290060e+01 2.8785242168720703e+02
    -2.5892466798847058e-01 3.3913590869232835e-01
    4.1431201160832987e-02 -1.2597918362795862e+02
    -6.5421928482062313e+01 2.8040358945803877e+02
    -2.1942763443249766e-01 4.2682822246333801e-01
    3.2784512055225645e-02 -1.0561846428161152e+02
    -2.8695842682477569e+01 2.9542841244521748e+02
    -1.8546484375987482e-01 2.6863312195167355e-01
    3.0480870184133955e-02 -1.1268253566376848e+02
    -4.9932904740848137e+01 2.7159294549741111e+02
    -1.4854116506052795e-01 9.3356613121290055e-01
    1.5269315767381308e-01 -3.4685128771079086e+01
    -6.6216709630171877e+01 3.3307803453560746e+02
    -4.1894146337040894e-01 2.1553821551876468e-01
    6.5851330917220521e-02 -1.2789784078358255e+02
    -5.0664632684875869e+01 3.0098696769215098e+02
    1.9770635078896670e-01 -3.1096561357276686e-01
    -1.3311164199567876e-01 -1.0629260779790521e+02
    1.3821628600845234e+01 2.3812718590671500e+02 2.3352547159311265e-01
    -2.3233879964266396e-01 2.9220135558111242e-02
    -6.9620493054216794e+01 -4.8652205226419930e+01
    2.4627460815052532e+02 -2.8926449819095090e-02
    -4.0573855263829089e-02 -5.2283833515897127e-03
    -1.0682202241320479e+02 -8.3253784160689733e+01
    2.7172117086765377e+02 1.0046714972781429e-01
    -6.4944403458557606e-02 -9.7794297755319989e-03
    -1.0999243104148493e+02 -7.3687803600415904e+01
    2.8085109003799431e+02 1.4287371558792436e-01
    -7.9103501740081628e-02 -3.3813768375946955e-02
    -1.3882549661258540e+02 -1.0472283049042557e+02
    2.5879313188074906e+02 4.2998923160672137e-02
    -1.3864471136705767e-01 -3.6680991255752440e-04
    -1.1306367992430845e+02 -2.3247310609692335e+01
    2.7858737454804748e+02 9.4439135154024634e-02
