<?xml version="1.0"?>
<opencv_storage>
<CameraMatrix type_id="opencv-matrix">
  <rows>3</rows>
  <cols>3</cols>
  <dt>f</dt>
  <data>
	4.9026233608505515e+02 0. 322.
    0. 4.9026233608505515e+02 243.
    0. 0. 1.
  </data>
</CameraMatrix>
<DistortionCoeffs type_id="opencv-matrix">
  <rows>5</rows>
  <cols>1</cols>
  <dt>f</dt>
  <data>
    -3.9544113026896338e-01 
	2.8054687659242211e-01 
	0. 
	0.
    -1.4045881507640590e-01
  </data>
</DistortionCoeffs>
</opencv_storage>
