<?xml version="1.0"?>
<opencv_storage>
<CornersAmount>48</CornersAmount>
<Corner_0>
  466 341</Corner_0>
<Corner_1>
  469 350</Corner_1>
<Corner_2>
  472 358</Corner_2>
<Corner_3>
  475 366</Corner_3>
<Corner_4>
  478 376</Corner_4>
<Corner_5>
  481 385</Corner_5>
<Corner_6>
  485 396</Corner_6>
<Corner_7>
  488 408</Corner_7>
<Corner_8>
  451 342</Corner_8>
<Corner_9>
  454 350</Corner_9>
<Corner_10>
  456 358</Corner_10>
<Corner_11>
  459 367</Corner_11>
<Corner_12>
  461 377</Corner_12>
<Corner_13>
  464 386</Corner_13>
<Corner_14>
  467 397</Corner_14>
<Corner_15>
  470 409</Corner_15>
<Corner_16>
  437 342</Corner_16>
<Corner_17>
  439 349</Corner_17>
<Corner_18>
  441 359</Corner_18>
<Corner_19>
  443 367</Corner_19>
<Corner_20>
  446 377</Corner_20>
<Corner_21>
  448 387</Corner_21>
<Corner_22>
  451 397</Corner_22>
<Corner_23>
  453 408</Corner_23>
<Corner_24>
  422 341</Corner_24>
<Corner_25>
  424 350</Corner_25>
<Corner_26>
  425 359</Corner_26>
<Corner_27>
  427 368</Corner_27>
<Corner_28>
  428 377</Corner_28>
<Corner_29>
  431 388</Corner_29>
<Corner_30>
  432 398</Corner_30>
<Corner_31>
  435 410</Corner_31>
<Corner_32>
  407 342</Corner_32>
<Corner_33>
  409 350</Corner_33>
<Corner_34>
  410 358</Corner_34>
<Corner_35>
  410 367</Corner_35>
<Corner_36>
  412 378</Corner_36>
<Corner_37>
  414 387</Corner_37>
<Corner_38>
  415 398</Corner_38>
<Corner_39>
  417 410</Corner_39>
<Corner_40>
  391 342</Corner_40>
<Corner_41>
  392 350</Corner_41>
<Corner_42>
  393 359</Corner_42>
<Corner_43>
  394 368</Corner_43>
<Corner_44>
  395 378</Corner_44>
<Corner_45>
  396 388</Corner_45>
<Corner_46>
  397 399</Corner_46>
<Corner_47>
  398 410</Corner_47>
</opencv_storage>
