<?xml version="1.0"?>
<opencv_storage>
<CameraMatrix type_id="opencv-matrix">
  <rows>3</rows>
  <cols>3</cols>
  <dt>f</dt>
  <data>
    4.7695915276110605e+02 0. 322. 
    0. 4.7695915276110605e+02 243.
    0. 0. 1.
  </data>
</CameraMatrix>
<DistortionCoeffs type_id="opencv-matrix">
  <rows>5</rows>
  <cols>1</cols>
  <dt>f</dt>
  <data>
    -3.9563031566068596e-01 
	2.6766437757935929e-01 
	0. 
	0.
    -1.1022861609891084e-01
  </data>
</DistortionCoeffs>
</opencv_storage>
