<?xml version="1.0"?>
<opencv_storage>
<calibration_time>"Mon Feb 19 10:44:08 2018"</calibration_time>
<nr_of_frames>45</nr_of_frames>
<image_width>644</image_width>
<image_height>486</image_height>
<board_width>8</board_width>
<board_height>6</board_height>
<square_size>25.</square_size>
<fix_aspect_ratio>1.</fix_aspect_ratio>
<!-- flags: +fix_aspectRatio +fix_principal_point +zero_tangent_dist +fix_k4 +fix_k5 -->
<flags>6158</flags>
<fisheye_model>0</fisheye_model>
<camera_matrix type_id="opencv-matrix">
  <rows>3</rows>
  <cols>3</cols>
  <dt>d</dt>
  <data>
    4.8844498629379768e+02 0. 322. 0. 4.8844498629379768e+02 243. 0. 0.
    1.</data></camera_matrix>
<distortion_coefficients type_id="opencv-matrix">
  <rows>5</rows>
  <cols>1</cols>
  <dt>d</dt>
  <data>
    -3.6261420579997911e-01 1.7996423788615468e-01 0. 0.
    -4.8399992038387338e-02</data></distortion_coefficients>
<avg_reprojection_error>8.9620746331952317e-01</avg_reprojection_error>
<per_view_reprojection_errors type_id="opencv-matrix">
  <rows>45</rows>
  <cols>1</cols>
  <dt>f</dt>
  <data>
    2.77223647e-01 2.35362470e-01 2.89098054e-01 3.29418957e-01
    2.17389271e-01 1.80984855e-01 1.62138209e-01 3.03034604e-01
    2.06021503e-01 1.44820258e-01 1.64937243e-01 2.03151047e-01
    2.38921717e-01 2.44433388e-01 2.01798692e-01 1.77236274e-01
    1.43224314e-01 1.91247731e-01 2.78632641e-01 2.73349553e-01
    2.56237000e-01 2.71160424e-01 2.93458283e-01 3.15840304e-01
    3.66887510e-01 2.03344539e-01 1.50474012e-01 1.43641144e-01
    1.87735438e-01 1.87041387e-01 1.67878583e-01 3.66409481e-01
    3.67423832e-01 4.64659721e-01 3.11939389e-01 1.90429673e-01
    3.43262362e+00 4.64923620e+00 2.30612651e-01 1.80048108e-01
    1.79375708e-01 2.46647805e-01 2.88425416e-01 3.56669247e-01
    2.04753995e-01</data></per_view_reprojection_errors>
<!-- a set of 6-tuples (rotation vector + translation vector) for each view -->
<extrinsic_parameters type_id="opencv-matrix">
  <rows>45</rows>
  <cols>6</cols>
  <dt>d</dt>
  <data>
    -1.5873468619075873e-01 -3.4197591015727280e-01
    1.4669331728480244e+00 -2.7979340459169030e+01
    -5.0625527406525357e+01 2.4866989261190386e+02
    -1.6282353118191714e-01 -2.3444003326373775e-01
    1.5337445479397926e+00 8.1264860226509974e+00
    -9.3604838005212073e+01 2.6271718113448475e+02
    2.3372434060013425e-01 -6.0860739122622305e-02
    -1.4953189206925352e+00 -1.1791024682993914e+02
    1.0458819917162370e+02 2.3907146532804731e+02 3.2750927779644606e-01
    -2.2814614392067137e-01 -1.4983999037953881e+00
    -1.4832224895405545e+02 1.1065472718815144e+02
    2.0283904408875935e+02 -2.0988956692532579e-01
    -6.4465833144220733e-02 1.4403226493301309e+00
    3.5142130429010168e+00 -9.1519043388529752e+01
    2.9458187669232410e+02 -6.5217013489479086e-02
    -9.7055729780340990e-03 1.4544295226553385e+00
    -3.0052306302492234e+01 -8.9462884467320251e+01
    3.5000415076355375e+02 1.9022965866889223e-02
    -7.2598214336642417e-02 1.4873100686698233e+00
    -2.3782350430315834e+01 -8.0828943476555580e+01
    3.3748950518490659e+02 -8.2006636674341327e-01
    -1.0668693463984087e+00 1.2877365618993937e+00
    -6.1147108978699492e+01 -7.7097855640193842e+01
    3.4085807510453782e+02 -6.3004916690123702e-01
    -8.0866773350928345e-01 1.2091815768275922e+00
    -6.3433252842022156e+01 -7.7390011557815555e+01
    3.4021277972508847e+02 6.9230583407905208e-02 1.6194769619482913e-01
    1.3556493261355318e+00 -4.3572451969146755e+01
    -9.0086243721349064e+01 3.4210848770891005e+02
    -2.1776158328181358e-01 1.8849134734589493e-01
    1.2125866888056216e+00 1.0711467401925451e+02
    -8.5916030383136061e+01 3.9018839163913185e+02
    8.1289007704986316e-02 -6.2954513626392816e-02
    1.5837555938530681e+00 1.8728033787634934e+02
    -7.5143361244665812e+01 3.4878579030324107e+02
    5.9333052946892151e-01 6.2763409889749788e-01 1.3769739470505371e+00
    1.8050274020814967e+02 -7.9133450322839138e+01
    3.1547078917449085e+02 4.7468129578810980e-01 3.3476251395082091e-01
    1.4081777653315766e+00 1.7239499601162888e+02
    -7.7880954349626819e+01 3.0731673116930318e+02
    -1.2582961294524528e-01 -3.4552774002028108e-01
    1.4645470572456603e+00 1.7122805681895852e+02
    -7.9389668860866081e+01 3.3374575330034401e+02
    -4.3327047534011447e-02 -1.5090440537298860e-01
    1.3579600659265190e+00 1.6767642939729242e+02
    -5.8108164927045223e+01 3.3665797327291085e+02
    -1.3526810504373057e-01 -8.5586705575442595e-02
    1.3639616426528127e+00 1.6496086212720965e+02
    -1.4673711731380396e+02 3.6451123486288373e+02
    6.3085284428051044e-02 -1.9537681945132146e-01
    1.2925427060424044e+00 1.3701782064603796e+02
    -1.6281153121658957e+02 3.3684448019464446e+02
    3.4957568829389407e-01 2.6872778510650697e-01 1.2830792639659461e+00
    1.2764790097354474e+02 -1.6907583335041389e+02
    3.1974533484482401e+02 2.0789073797690219e-01
    -3.7500231116603319e-02 1.3845112051579873e+00
    1.2328930375833960e+02 -1.6199677624148794e+02
    2.9498775843568950e+02 2.7327501292347078e-01
    -9.3293295940832258e-02 1.4250649696347524e+00
    1.3090644498216838e+02 -1.1938834058387070e+02
    2.9792559980940717e+02 4.7952268709009299e-01
    -3.3683732490619378e-01 1.3931189873251997e+00
    1.2561414590072570e+02 -1.1795942804845431e+02
    2.6682176705170627e+02 6.9045851886268406e-01
    -5.6222069468352609e-01 1.3639602511268782e+00
    1.2686535956738125e+02 -9.2034653493049859e+01
    2.3157697949088615e+02 6.8174332159279460e-01
    -6.3349264856019982e-01 1.3251887268760978e+00
    1.2341439968542595e+02 -8.4874316704645608e+01
    2.2480534989523005e+02 6.9226627978814259e-01
    -6.3804954900241684e-01 1.3404541079106509e+00
    1.2781808298784549e+02 -7.9003288324039801e+01
    2.2365226066146045e+02 2.2144236822781266e-01
    -2.2096602789464648e-01 1.4123809120128843e+00
    1.3563122434123986e+02 -1.3071869947352761e+02
    3.2562062140203329e+02 -1.1268497437446602e-01
    1.6599415561687222e-01 1.3527119404194383e+00 1.2477981896289809e+02
    -1.2697822216134483e+02 3.9620977445396102e+02
    -2.6210708942073768e-01 -4.2066249727179809e-02
    1.2758640854824150e+00 -6.1689977108604467e+01
    -1.1403353429242655e+02 3.5209888145348378e+02
    -1.7797456342000859e-01 -3.4310453614296144e-01
    1.4134661722104733e+00 -3.0521136150209525e+01
    -1.0709450726114356e+02 3.1326358219290904e+02
    -2.1589820596727491e-01 -1.8567993722697285e-01
    1.4733447472547516e+00 -2.4076360526419666e+01
    -1.0272292481260028e+02 3.1767213495751844e+02
    4.0338417556753527e-02 -3.1844042853955690e-01
    1.4910293778863086e+00 -2.7491997234867668e+01
    -1.1720236545808541e+02 2.6863351707805964e+02
    7.8065002684120255e-01 3.8270102100133979e-01
    -1.3596392140581475e+00 -1.4210965080442938e+02
    3.7144592773637719e+01 2.9159707094399573e+02 7.5623917869535162e-01
    3.2723076329417977e-01 -1.3492120264997278e+00
    -1.4380808423060776e+02 7.5324049012509533e+01
    2.9005537758515754e+02 4.0463241811939504e-01
    -9.0780467989899682e-01 1.6344285322501038e+00
    2.0257156625945800e+01 -3.1092954178852629e+01
    2.0544021326418718e+02 5.4679149811354445e-02
    -6.0907261913771948e-01 1.5565146899512026e+00
    6.7076806716597726e-01 -5.6958675747508870e+01
    2.5260621832406335e+02 -3.5656682074562335e-01
    -4.5704035361928602e-02 1.3099217224617656e+00
    -4.7270000100151385e+01 -7.2170182224263982e+01
    3.1785199420404666e+02 -1.0258445157567229e+00
    5.4786701741613930e-01 1.0477885700189282e+00
    -4.6150091367632051e+01 -1.3166585767694427e+01
    3.7935597758376628e+02 -1.0234645722764726e+00
    5.1321412542349754e-01 1.0665513400696971e+00
    -5.4423723303230339e+01 -7.2788909181263257e+00
    3.7586682822385615e+02 -3.6098343002890909e-01
    1.3673901317744525e-01 1.1399942691144132e+00 1.8484604359377062e+01
    -9.8985322461909675e+01 3.0951929028976281e+02
