%YAML:1.0
---
CM0:
   - !!opencv-matrix
      rows: 256
      cols: 1
      dt: f
      data: [ 0., 0., 0., 0., 0., 0., 0., 0., 0., 0., 0., 0., 0., 0., 0.,
          0., 6.26959264e-01, 1.25391853e+00, 2.50783706e+00,
          1.31661444e+01, 2.69592476e+01, 9.46708527e+01, 1.37931046e+02,
          1.49843262e+02, 2.19435745e+02, 2.70219452e+02, 3.22257050e+02,
          2.06896561e+02, 400., 1.39184952e+02, 3.97492188e+02,
          2.14420074e+02, 2.28213165e+02, 2.06269592e+02, 1.84326019e+02,
          1.48589340e+02, 1.00313484e+02, 1.51097183e+02, 3.13479633e+01,
          1.27272728e+02, 9.78056488e+01, 9.02821350e+01, 7.46081543e+01,
          5.76802521e+01, 6.83385620e+01, 1.75548592e+01, 7.39811935e+01,
          7.64890289e+01, 6.14420090e+01, 5.83072128e+01, 4.13793106e+01,
          4.89028244e+01, 1.69279003e+01, 4.63949852e+01, 4.07523537e+01,
          2.00626965e+01, 1.81818180e+01, 1.25391855e+01, 1.50470219e+01,
          1.19122257e+01, 1.88087788e+01, 1.88087788e+01, 1.31661444e+01,
          1.31661444e+01, 1.56739817e+01, 1.31661444e+01, 1.69279003e+01,
          1.19122257e+01, 1.44200630e+01, 1.25391855e+01, 1.37931042e+01,
          1.19122257e+01, 8.15047073e+00, 7.52351093e+00, 6.26959276e+00,
          8.15047073e+00, 1.12852669e+01, 1.12852669e+01, 9.40438938e+00,
          1.25391855e+01, 5.64263344e+00, 6.26959276e+00, 9.40438938e+00,
          8.77742958e+00, 1.63009415e+01, 1.31661444e+01, 1.31661444e+01,
          5.01567411e+00, 6.26959276e+00, 1.19122257e+01, 6.26959276e+00,
          5.64263344e+00, 6.26959276e+00, 8.77742958e+00, 5.64263344e+00,
          3.76175547e+00, 2.50783706e+00, 8.77742958e+00, 6.89655209e+00,
          1.00313482e+01, 5.01567411e+00, 7.52351093e+00, 1.88087773e+00,
          1.25391855e+01, 1.00313482e+01, 1.44200630e+01, 6.26959276e+00,
          8.77742958e+00, 1.44200630e+01, 5.64263344e+00, 8.77742958e+00,
          3.76175547e+00, 5.64263344e+00, 8.77742958e+00, 6.26959276e+00,
          4.38871479e+00, 6.26959276e+00, 6.26959276e+00, 3.76175547e+00,
          9.40438938e+00, 4.38871479e+00, 1.00313482e+01, 6.26959276e+00,
          4.38871479e+00, 6.89655209e+00, 2.50783706e+00, 1.25391855e+01,
          5.64263344e+00, 1.50470219e+01, 7.52351093e+00, 5.64263344e+00,
          1.44200630e+01, 6.26959276e+00, 3.76175547e+00, 5.64263344e+00,
          3.13479638e+00, 3.76175547e+00, 3.13479638e+00, 6.26959264e-01,
          1.25391853e+00, 2.50783706e+00, 1.25391853e+00, 1.88087773e+00,
          1.25391853e+00, 1.25391853e+00, 0., 6.26959264e-01, 0., 0.,
          2.50783706e+00, 1.88087773e+00, 0., 2.50783706e+00,
          6.26959264e-01, 1.88087773e+00, 0., 1.88087773e+00, 0.,
          6.26959264e-01, 0., 0., 6.26959264e-01, 1.25391853e+00,
          1.88087773e+00, 6.26959264e-01, 0., 6.26959264e-01,
          1.88087773e+00, 1.88087773e+00, 0., 1.25391853e+00, 0., 0., 0.,
          0., 1.88087773e+00, 1.25391853e+00, 6.26959264e-01, 0.,
          1.25391853e+00, 0., 0., 1.25391853e+00, 0., 6.26959264e-01,
          6.26959264e-01, 0., 6.26959264e-01, 0., 0., 6.26959264e-01,
          6.26959264e-01, 1.25391853e+00, 0., 1.25391853e+00,
          1.88087773e+00, 6.26959264e-01, 6.26959264e-01, 1.25391853e+00,
          6.26959264e-01, 0., 1.88087773e+00, 1.25391853e+00,
          6.26959264e-01, 0., 0., 0., 0., 0., 0., 0., 6.26959264e-01,
          6.26959264e-01, 6.26959264e-01, 6.26959264e-01, 0., 0., 0.,
          6.26959264e-01, 0., 0., 0., 6.26959264e-01, 6.26959264e-01,
          1.25391853e+00, 0., 0., 0., 6.26959264e-01, 0., 0., 0., 0., 0.,
          1.25391853e+00, 6.26959264e-01, 6.26959264e-01, 0., 0.,
          6.26959264e-01, 6.26959264e-01, 0., 0., 6.26959264e-01, 0.,
          6.26959264e-01, 0., 0., 0., 1.25391853e+00, 0., 0., 0., 0., 0.,
          6.26959264e-01 ]
   - !!opencv-matrix
      rows: 256
      cols: 1
      dt: f
      data: [ 0., 0., 0., 0., 0., 0., 0., 6.00600600e-01, 0.,
          6.00600600e-01, 0., 1.20120120e+00, 2.40240240e+00,
          6.00600624e+00, 1.02102098e+01, 5.52552567e+01, 1.30930923e+02,
          2.07807800e+02, 2.74474487e+02, 3.47747742e+02, 400.,
          2.70270264e+02, 1.98198196e+02, 3.55555542e+02, 2.72072083e+02,
          1.95795792e+02, 1.78378372e+02, 1.53153152e+02, 1.60960968e+02,
          1.26126129e+02, 6.24624634e+01, 1.15315315e+02, 1.02702705e+02,
          9.36936951e+01, 6.54654617e+01, 6.42642670e+01, 6.12612610e+01,
          2.94294300e+01, 6.30630646e+01, 6.42642670e+01, 4.86486473e+01,
          5.10510521e+01, 4.62462463e+01, 4.86486473e+01, 3.30330315e+01,
          2.16216221e+01, 4.02402420e+01, 2.88288288e+01, 1.50150146e+01,
          1.32132130e+01, 1.50150146e+01, 1.14114113e+01, 1.08108110e+01,
          1.74174175e+01, 1.62162170e+01, 1.80180187e+01, 1.08108110e+01,
          1.32132130e+01, 1.44144144e+01, 6.60660648e+00, 1.38138142e+01,
          1.08108110e+01, 1.14114113e+01, 1.26126127e+01, 9.00900936e+00,
          1.44144144e+01, 9.60960960e+00, 8.40840816e+00, 1.86186180e+01,
          9.00900936e+00, 7.80780792e+00, 9.60960960e+00, 9.00900936e+00,
          2.40240240e+00, 7.20720720e+00, 8.40840816e+00, 9.60960960e+00,
          1.44144144e+01, 7.20720720e+00, 9.60960960e+00, 9.00900936e+00,
          7.80780792e+00, 8.40840816e+00, 6.60660648e+00, 1.26126127e+01,
          8.40840816e+00, 4.80480480e+00, 6.60660648e+00, 1.08108110e+01,
          1.32132130e+01, 4.80480480e+00, 6.60660648e+00, 4.80480480e+00,
          7.80780792e+00, 6.60660648e+00, 6.00600624e+00, 8.40840816e+00,
          2.40240240e+00, 7.20720720e+00, 7.20720720e+00, 7.80780792e+00,
          7.80780792e+00, 7.80780792e+00, 3.00300312e+00, 7.80780792e+00,
          5.40540552e+00, 8.40840816e+00, 7.20720720e+00, 6.00600624e+00,
          6.60660648e+00, 1.02102098e+01, 6.00600624e+00, 4.20420408e+00,
          6.00600624e+00, 9.60960960e+00, 3.60360360e+00, 5.40540552e+00,
          7.80780792e+00, 6.60660648e+00, 3.00300312e+00, 3.00300312e+00,
          7.20720720e+00, 7.20720720e+00, 3.60360360e+00, 4.20420408e+00,
          6.60660648e+00, 1.80180180e+00, 4.80480480e+00, 4.80480480e+00,
          5.40540552e+00, 4.80480480e+00, 4.80480480e+00, 3.00300312e+00,
          4.20420408e+00, 7.80780792e+00, 7.80780792e+00, 7.20720720e+00,
          5.40540552e+00, 7.20720720e+00, 4.80480480e+00, 1.02102098e+01,
          8.40840816e+00, 6.00600624e+00, 1.20120120e+00, 4.20420408e+00,
          5.40540552e+00, 5.40540552e+00, 1.20120120e+00, 3.00300312e+00,
          2.40240240e+00, 6.00600600e-01, 6.00600600e-01, 1.80180180e+00,
          1.20120120e+00, 6.00600600e-01, 6.00600600e-01, 4.20420408e+00,
          2.40240240e+00, 1.20120120e+00, 0., 0., 1.20120120e+00, 0.,
          6.00600600e-01, 6.00600600e-01, 0., 6.00600600e-01, 0.,
          6.00600600e-01, 1.20120120e+00, 1.20120120e+00, 1.80180180e+00,
          1.20120120e+00, 6.00600600e-01, 1.20120120e+00, 6.00600600e-01,
          0., 0., 6.00600600e-01, 0., 6.00600600e-01, 6.00600600e-01,
          6.00600600e-01, 6.00600600e-01, 1.80180180e+00, 6.00600600e-01,
          0., 1.80180180e+00, 0., 1.20120120e+00, 0., 1.20120120e+00, 0.,
          0., 6.00600600e-01, 0., 1.80180180e+00, 1.20120120e+00,
          6.00600600e-01, 0., 0., 0., 6.00600600e-01, 6.00600600e-01, 0.,
          0., 6.00600600e-01, 6.00600600e-01, 0., 6.00600600e-01, 0.,
          6.00600600e-01, 6.00600600e-01, 6.00600600e-01, 0.,
          6.00600600e-01, 0., 0., 0., 0., 0., 0., 0., 0., 6.00600600e-01,
          1.80180180e+00, 0., 6.00600600e-01, 6.00600600e-01,
          6.00600600e-01, 0., 6.00600600e-01, 6.00600600e-01, 0., 0., 0.,
          0., 0., 6.00600600e-01, 0., 0., 0., 0., 6.00600600e-01, 0., 0.,
          6.00600600e-01, 1.20120120e+00, 0., 0., 0., 0., 0.,
          6.00600600e-01, 0., 0. ]
   - !!opencv-matrix
      rows: 256
      cols: 1
      dt: f
      data: [ 1.81243401e+01, 2.10748148e+00, 2.95047402e+00,
