%YAML:1.0
---
CM0:
   - !!opencv-matrix
      rows: 256
      cols: 1
      dt: f
      data: [ 0., 0., 0., 0., 0., 0., 0., 0., 0., 0., 0., 0., 0.,
          2.31213880e+00, 0., 0., 2.31213880e+00, 2.31213880e+00,
          6.93641663e+00, 2.08092499e+01, 4.62427759e+00, 1.13294800e+02,
          1.04046249e+02, 3.46820831e+02, 2.54335266e+02, 2.68208099e+02,
          3.83815033e+02, 2.61271698e+02, 400., 1.41040466e+02,
          3.46820831e+02, 3.32947998e+02, 3.46820831e+02, 2.58959534e+02,
          2.58959534e+02, 1.91907516e+02, 7.16763000e+01, 1.82658966e+02,
          1.10982666e+02, 9.47976913e+01, 7.16763000e+01, 9.01734161e+01,
          6.47398834e+01, 1.38728333e+01, 5.54913330e+01, 2.08092499e+01,
          3.69942207e+01, 2.54335270e+01, 3.93063583e+01, 4.39306374e+01,
          2.77456665e+01, 3.46820831e+01, 1.84971104e+01, 2.77456665e+01,
          3.00578041e+01, 2.77456665e+01, 3.23699417e+01, 1.61849709e+01,
          2.31213875e+01, 1.84971104e+01, 1.15606937e+01, 2.31213875e+01,
          1.38728333e+01, 2.08092499e+01, 2.08092499e+01, 3.46820831e+01,
          1.61849709e+01, 9.24855518e+00, 1.61849709e+01, 2.08092499e+01,
          2.77456665e+01, 9.24855518e+00, 1.61849709e+01, 6.93641663e+00,
          3.00578041e+01, 1.61849709e+01, 2.31213875e+01, 2.54335270e+01,
          9.24855518e+00, 1.15606937e+01, 9.24855518e+00, 1.61849709e+01,
          1.38728333e+01, 2.08092499e+01, 1.61849709e+01, 1.15606937e+01,
          1.84971104e+01, 1.15606937e+01, 1.84971104e+01, 1.61849709e+01,
          9.24855518e+00, 3.00578041e+01, 1.84971104e+01, 2.08092499e+01,
          9.24855518e+00, 3.00578041e+01, 1.38728333e+01, 2.31213875e+01,
          9.24855518e+00, 1.61849709e+01, 9.24855518e+00, 9.24855518e+00,
          1.15606937e+01, 4.62427759e+00, 1.38728333e+01, 1.15606937e+01,
          1.84971104e+01, 4.62427759e+00, 6.93641663e+00, 6.93641663e+00,
          1.61849709e+01, 9.24855518e+00, 1.15606937e+01, 2.31213880e+00,
          2.31213880e+00, 9.24855518e+00, 4.62427759e+00, 2.31213880e+00,
          6.93641663e+00, 2.31213880e+00, 2.31213880e+00, 2.31213880e+00,
          6.93641663e+00, 0., 6.93641663e+00, 9.24855518e+00, 0.,
          2.31213880e+00, 2.31213880e+00, 4.62427759e+00, 2.31213880e+00,
          4.62427759e+00, 2.31213880e+00, 4.62427759e+00, 2.31213880e+00,
          2.31213880e+00, 4.62427759e+00, 2.31213880e+00, 0.,
          2.31213880e+00, 9.24855518e+00, 2.31213880e+00, 0.,
          2.31213880e+00, 0., 0., 2.31213880e+00, 0., 0., 0., 0., 0.,
          2.31213880e+00, 0., 2.31213880e+00, 0., 0., 2.31213880e+00, 0.,
          0., 0., 2.31213880e+00, 0., 0., 0., 2.31213880e+00, 0., 0., 0.,
          0., 0., 0., 0., 0., 0., 0., 0., 0., 0., 0., 0., 0., 0., 0.,
          2.31213880e+00, 2.31213880e+00, 2.31213880e+00, 0., 0., 0., 0.,
          0., 0., 0., 2.31213880e+00, 2.31213880e+00, 2.31213880e+00, 0.,
          0., 0., 0., 0., 0., 0., 0., 0., 0., 0., 0., 0., 0., 0., 0., 0.,
          2.31213880e+00, 0., 2.31213880e+00, 4.62427759e+00, 0., 0.,
          2.31213880e+00, 2.31213880e+00, 0., 6.93641663e+00, 0., 0., 0.,
          2.31213880e+00, 0., 0., 0., 0., 0., 0., 0., 0., 0., 0.,
          2.31213880e+00, 2.31213880e+00, 0., 0., 0., 0., 0., 0., 0., 0.,
          0., 0., 0., 0., 0., 0., 0., 0. ]
   - !!opencv-matrix
      rows: 256
      cols: 1
      dt: f
      data: [ 0., 0., 0., 0., 0., 0., 0., 0., 0., 0., 2.18579245e+00,
          6.55737734e+00, 2.18579245e+00, 1.96721325e+01, 1.53005466e+01,
          1.20218582e+02, 1.18032791e+02, 2.64480896e+02, 3.51912598e+02,
          3.16939911e+02, 4.00000031e+02, 3.10382538e+02, 1.50819672e+02,
          2.27322418e+02, 3.43169403e+02, 3.32240448e+02, 2.95081970e+02,
          2.75409851e+02, 1.79234985e+02, 1.26775963e+02, 1.13661209e+02,
          9.83606567e+01, 1.02732246e+02, 6.55737762e+01, 5.46448097e+01,
          7.43169403e+01, 2.40437164e+01, 3.71584702e+01, 3.06010933e+01,
          4.15300560e+01, 3.49726791e+01, 1.96721325e+01, 3.49726791e+01,
          3.49726791e+01, 3.49726791e+01, 3.93442650e+01, 1.74863396e+01,
          3.71584702e+01, 1.53005466e+01, 2.40437164e+01, 2.18579254e+01,
          1.31147547e+01, 1.74863396e+01, 2.18579254e+01, 1.31147547e+01,
          1.96721325e+01, 2.18579254e+01, 1.53005466e+01, 6.55737734e+00,
          1.74863396e+01, 1.53005466e+01, 8.74316978e+00, 1.31147547e+01,
          2.84153023e+01, 1.53005466e+01, 6.55737734e+00, 1.09289627e+01,
          4.37158489e+00, 1.31147547e+01, 8.74316978e+00, 2.18579254e+01,
          1.53005466e+01, 1.53005466e+01, 1.74863396e+01, 1.53005466e+01,
          1.74863396e+01, 1.74863396e+01, 6.55737734e+00, 1.96721325e+01,
          1.96721325e+01, 1.31147547e+01, 8.74316978e+00, 1.53005466e+01,
          3.06010933e+01, 1.53005466e+01, 8.74316978e+00, 2.62295094e+01,
          1.53005466e+01, 8.74316978e+00, 1.31147547e+01, 1.96721325e+01,
          2.18579254e+01, 1.31147547e+01, 1.31147547e+01, 4.37158489e+00,
          1.09289627e+01, 1.53005466e+01, 1.09289627e+01, 1.31147547e+01,
          1.09289627e+01, 1.53005466e+01, 1.09289627e+01, 1.53005466e+01,
          1.53005466e+01, 6.55737734e+00, 1.31147547e+01, 2.40437164e+01,
          2.18579245e+00, 1.53005466e+01, 4.37158489e+00, 6.55737734e+00,
          6.55737734e+00, 2.18579245e+00, 1.31147547e+01, 1.09289627e+01,
          1.31147547e+01, 6.55737734e+00, 0., 2.18579245e+00, 0., 0.,
          6.55737734e+00, 6.55737734e+00, 4.37158489e+00, 4.37158489e+00,
          8.74316978e+00, 4.37158489e+00, 6.55737734e+00, 0.,
          2.18579245e+00, 0., 2.18579245e+00, 0., 2.18579245e+00,
          2.18579245e+00, 1.09289627e+01, 0., 6.55737734e+00,
          4.37158489e+00, 2.18579245e+00, 4.37158489e+00, 2.18579245e+00,
          8.74316978e+00, 2.18579245e+00, 4.37158489e+00, 2.18579245e+00,
          0., 0., 2.18579245e+00, 6.55737734e+00, 0., 0., 0., 0.,
          2.18579245e+00, 2.18579245e+00, 0., 0., 2.18579245e+00, 0.,
          2.18579245e+00, 0., 2.18579245e+00, 0., 0., 0., 0., 0., 0., 0.,
          0., 0., 0., 0., 0., 0., 0., 0., 0., 2.18579245e+00, 0., 0., 0.,
          0., 0., 0., 0., 0., 0., 4.37158489e+00, 0., 0., 0., 0.,
          2.18579245e+00, 0., 0., 0., 0., 0., 0., 0., 2.18579245e+00, 0.,
          0., 0., 0., 0., 0., 0., 0., 0., 2.18579245e+00, 0.,
          2.18579245e+00, 0., 0., 2.18579245e+00, 2.18579245e+00, 0.,
          4.37158489e+00, 0., 0., 2.18579245e+00, 0., 0., 0.,
          4.37158489e+00, 0., 0., 0., 0., 2.18579245e+00, 0., 0., 0., 0.,
          0., 2.18579245e+00, 0., 0., 0., 0., 2.18579245e+00, 0.,
          2.18579245e+00, 0., 0., 0., 0., 0., 0., 0., 0., 0., 0. ]
   - !!opencv-matrix
      rows: 256
      cols: 1
      dt: f
      data: [ 2.83185844e+01, 7.07964611e+00, 3.53982306e+00,
          8.84955788e+00, 8.84955788e+00, 2.12389374e+01, 2.12389374e+01,
          3.00884953e+01, 3.53982315e+01, 6.90265503e+01, 3.11504425e+02,
          2.28318588e+02, 3.73451324e+02, 400., 2.40707962e+02,
          3.30973450e+02, 2.51327438e+02, 2.92035400e+02, 2.47787613e+02,
          2.40707962e+02, 1.29203537e+02, 7.43362808e+01, 1.39823013e+02,
          8.14159317e+01, 7.07964630e+01, 7.43362808e+01, 5.13274345e+01,
          3.53982315e+01, 3.18584080e+01, 1.94690266e+01, 2.83185844e+01,
          2.65486736e+01, 2.47787609e+01, 3.00884953e+01, 2.30088501e+01,
          2.30088501e+01, 3.53982315e+01, 2.12389374e+01, 2.83185844e+01,
          2.30088501e+01, 1.06194687e+01, 0., 1.94690266e+01,
          1.94690266e+01, 1.23893805e+01, 2.12389374e+01, 1.06194687e+01,
          2.65486736e+01, 1.59292040e+01, 1.41592922e+01, 1.59292040e+01,
          7.07964611e+00, 8.84955788e+00, 3.53982306e+00, 8.84955788e+00,
          2.12389374e+01, 7.07964611e+00, 1.23893805e+01, 8.84955788e+00,
          7.07964611e+00, 7.07964611e+00, 1.06194687e+01, 8.84955788e+00,
          1.06194687e+01, 7.07964611e+00, 2.12389374e+01, 1.06194687e+01,
