%YAML:1.0
---
CM0:
   - !!opencv-matrix
      rows: 256
      cols: 1
      dt: f
      data: [ 0., 0., 0., 0., 0., 0., 0., 0., 0., 0., 0., 0., 0., 0.,
          2.04081631e+00, 4.08163261e+00, 2.04081631e+00, 8.16326523e+00,
          4.08163261e+00, 2.85714283e+01, 6.12244892e+00, 1.14285713e+02,
          1.30612244e+02, 2.14285706e+02, 2.65306122e+02, 3.67346924e+02,
          400., 2.71428558e+02, 3.18367340e+02, 6.73469391e+01,
          3.18367340e+02, 1.30612244e+02, 1.53061218e+02, 1.20408165e+02,
          1.26530609e+02, 7.75510178e+01, 3.06122437e+01, 8.77551041e+01,
          5.91836739e+01, 4.69387741e+01, 6.32653046e+01, 3.87755089e+01,
          5.30612259e+01, 2.65306129e+01, 2.04081631e+01, 5.10204086e+01,
          3.67346954e+01, 5.10204086e+01, 4.69387741e+01, 4.89795914e+01,
          3.46938782e+01, 5.10204086e+01, 6.53061218e+01, 3.87755089e+01,
          7.95918350e+01, 6.12244873e+01, 4.28571434e+01, 3.46938782e+01,
          6.12244873e+01, 6.32653046e+01, 3.46938782e+01, 9.38775482e+01,
          5.10204086e+01, 8.77551041e+01, 6.93877563e+01, 8.57142868e+01,
          5.30612259e+01, 7.55102005e+01, 7.14285736e+01, 6.32653046e+01,
          8.57142868e+01, 6.32653046e+01, 7.14285736e+01, 8.16326523e+01,
          1.40816330e+02, 1.30612244e+02, 9.79591827e+01, 1.26530609e+02,
          1.26530609e+02, 1.32653061e+02, 1.32653061e+02, 1.14285713e+02,
          1.28571426e+02, 8.97959137e+01, 2.42857147e+02, 1.51020401e+02,
          2.32653061e+02, 1.30612244e+02, 2.18367340e+02, 2.53061218e+02,
          1.61224487e+02, 1.89795914e+02, 8.97959137e+01, 2.53061218e+02,
          1.61224487e+02, 1.40816330e+02, 1.55102036e+02, 1.61224487e+02,
          1.40816330e+02, 1.04081635e+02, 1.26530609e+02, 8.97959137e+01,
          1.20408165e+02, 1.79591827e+02, 1.14285713e+02, 1.06122452e+02,
          1.16326530e+02, 1.08163261e+02, 9.18367310e+01, 1.36734695e+02,
          9.59183655e+01, 9.79591827e+01, 8.36734695e+01, 1.53061218e+02,
          9.18367310e+01, 8.16326523e+01, 7.55102005e+01, 1.16326530e+02,
          1.61224487e+02, 1.18367348e+02, 8.36734695e+01, 7.75510178e+01,
          5.30612259e+01, 8.57142868e+01, 1.02040817e+02, 7.34693909e+01,
          7.95918350e+01, 4.89795914e+01, 4.48979568e+01, 5.51020393e+01,
          6.12244873e+01, 7.75510178e+01, 7.34693909e+01, 4.48979568e+01,
          5.51020393e+01, 5.51020393e+01, 2.85714283e+01, 5.10204086e+01,
          3.67346954e+01, 4.28571434e+01, 1.42857141e+01, 3.46938782e+01,
          2.85714283e+01, 5.91836739e+01, 2.24489784e+01, 3.87755089e+01,
          3.46938782e+01, 1.63265305e+01, 1.42857141e+01, 2.24489784e+01,
          2.04081631e+01, 1.02040815e+01, 1.63265305e+01, 1.22448978e+01,
          1.02040815e+01, 8.16326523e+00, 8.16326523e+00, 1.02040815e+01,
          1.02040815e+01, 2.04081631e+01, 4.08163261e+00, 1.42857141e+01,
          2.65306129e+01, 4.08163261e+00, 1.02040815e+01, 1.02040815e+01,
          1.42857141e+01, 4.08163261e+00, 1.02040815e+01, 1.02040815e+01,
          6.12244892e+00, 2.04081631e+00, 1.42857141e+01, 1.42857141e+01,
          2.04081631e+00, 1.63265305e+01, 4.08163261e+00, 2.24489784e+01,
          8.16326523e+00, 0., 1.22448978e+01, 6.12244892e+00,
          8.16326523e+00, 1.02040815e+01, 1.02040815e+01, 1.02040815e+01,
          1.42857141e+01, 0., 0., 1.02040815e+01, 4.08163261e+00, 0.,
          4.08163261e+00, 0., 0., 4.08163261e+00, 0., 1.02040815e+01,
          6.12244892e+00, 0., 4.08163261e+00, 2.04081631e+00, 0.,
          6.12244892e+00, 0., 0., 0., 0., 2.04081631e+00, 0.,
          8.16326523e+00, 0., 4.08163261e+00, 4.08163261e+00, 0., 0., 0.,
          0., 0., 0., 2.04081631e+00, 2.04081631e+00, 0., 2.04081631e+00,
          4.08163261e+00, 2.04081631e+00, 0., 0., 2.04081631e+00,
          2.04081631e+00, 0., 0., 2.04081631e+00, 8.16326523e+00,
          2.04081631e+00, 2.04081631e+00, 2.04081631e+00, 0.,
          2.04081631e+00, 2.04081631e+00, 0., 2.04081631e+00, 0., 0., 0.,
          0., 4.08163261e+00, 0., 0., 0., 0., 0., 0., 0., 0., 0. ]
   - !!opencv-matrix
      rows: 256
      cols: 1
      dt: f
      data: [ 0., 0., 0., 0., 0., 0., 0., 0., 0., 0., 8.37696362e+00,
          2.09424090e+00, 1.88481674e+01, 3.35078545e+01, 5.86387444e+01,
          1.00523560e+02, 2.38743469e+02, 400., 3.37172791e+02,
          3.47643982e+02, 3.24607330e+02, 2.99476440e+02, 1.40314148e+02,
          2.07329849e+02, 1.40314148e+02, 1.52879593e+02, 1.29842941e+02,
          9.21465988e+01, 9.42408371e+01, 5.23560219e+01, 5.44502640e+01,
          3.35078545e+01, 3.35078545e+01, 4.18848190e+01, 5.02617798e+01,
          3.14136143e+01, 3.76963348e+01, 3.14136143e+01, 6.07329865e+01,
          5.23560219e+01, 4.60732994e+01, 4.18848190e+01, 4.60732994e+01,
          6.70157089e+01, 3.35078545e+01, 7.53926697e+01, 5.86387444e+01,
          4.18848190e+01, 6.49214706e+01, 6.49214706e+01, 7.12041931e+01,
          8.37696381e+01, 7.12041931e+01, 5.86387444e+01, 7.32984314e+01,
          8.16753922e+01, 9.42408371e+01, 1.86387436e+02, 1.78010483e+02,
          1.08900528e+02, 5.65445061e+01, 1.21465973e+02, 1.34031418e+02,
          1.48691101e+02, 1.57068069e+02, 1.61256546e+02, 2.21989532e+02,
          9.63350830e+01, 2.47120422e+02, 1.86387436e+02, 2.57591644e+02,
          2.45026184e+02, 2.61780121e+02, 2.61780121e+02, 8.16753922e+01,
          1.65445038e+02, 2.49214661e+02, 1.82198959e+02, 2.19895294e+02,
          1.96858643e+02, 1.63350784e+02, 1.42408386e+02, 1.27748695e+02,
          1.31937180e+02, 1.65445038e+02, 1.71727753e+02, 1.29842941e+02,
          1.34031418e+02, 9.63350830e+01, 1.29842941e+02, 6.91099472e+01,
          1.17277489e+02, 1.44502625e+02, 1.04712044e+02, 1.02617805e+02,
          1.42408386e+02, 1.31937180e+02, 1.15183250e+02, 5.86387444e+01,
          1.08900528e+02, 1.36125656e+02, 9.42408371e+01, 1.02617805e+02,
          9.00523605e+01, 9.21465988e+01, 6.49214706e+01, 9.21465988e+01,
          1.21465973e+02, 1.02617805e+02, 9.63350830e+01, 8.37696381e+01,
          7.12041931e+01, 4.18848190e+01, 7.12041931e+01, 7.95811539e+01,
          7.95811539e+01, 6.07329865e+01, 3.56020966e+01, 4.60732994e+01,
          3.14136143e+01, 3.97905769e+01, 4.18848190e+01, 2.72251320e+01,
          5.44502640e+01, 2.09424095e+01, 3.35078545e+01, 2.93193722e+01,
          3.35078545e+01, 3.14136143e+01, 2.51308899e+01, 4.18848190e+01,
          2.51308899e+01, 4.18848190e+01, 3.14136143e+01, 4.60732994e+01,
          4.18848190e+01, 3.35078545e+01, 1.25654449e+01, 2.72251320e+01,
          3.14136143e+01, 2.72251320e+01, 1.67539272e+01, 1.67539272e+01,
          2.09424095e+01, 2.30366497e+01, 1.46596861e+01, 1.46596861e+01,
          2.51308899e+01, 1.04712048e+01, 4.18848181e+00, 2.09424095e+01,
          2.09424095e+01, 1.04712048e+01, 1.04712048e+01, 8.37696362e+00,
          4.18848181e+00, 1.46596861e+01, 8.37696362e+00, 2.09424090e+00,
          2.09424090e+00, 6.28272247e+00, 0., 2.09424090e+00,
          2.09424090e+00, 4.18848181e+00, 0., 0., 0., 4.18848181e+00,
          4.18848181e+00, 6.28272247e+00, 2.09424090e+00, 2.09424090e+00,
          4.18848181e+00, 4.18848181e+00, 6.28272247e+00, 1.04712048e+01,
          2.09424090e+00, 2.09424090e+00, 4.18848181e+00, 2.09424090e+00,
          2.09424090e+00, 2.09424090e+00, 0., 6.28272247e+00,
          2.09424090e+00, 0., 2.09424090e+00, 0., 2.09424090e+00,
          4.18848181e+00, 4.18848181e+00, 2.09424090e+00, 0.,
          2.09424090e+00, 2.09424090e+00, 2.09424090e+00, 0.,
          4.18848181e+00, 2.09424090e+00, 0., 0., 4.18848181e+00, 0., 0.,
          0., 4.18848181e+00, 0., 0., 0., 4.18848181e+00, 0., 0., 0.,
          2.09424090e+00, 0., 0., 0., 0., 0., 0., 0., 0., 0., 0., 0., 0.,
          0., 0., 2.09424090e+00, 0., 2.09424090e+00, 0., 2.09424090e+00,
          0., 0., 0., 0., 0., 0., 0., 0., 0., 0., 0., 0., 0., 0., 0., 0.,
          0., 0., 0., 0., 0., 0. ]
   - !!opencv-matrix
      rows: 256
      cols: 1
      dt: f
