<?xml version="1.0"?>
<opencv_storage>
<CornersAmount>48</CornersAmount>
<Corner_0>
  327 371</Corner_0>
<Corner_1>
  316 365</Corner_1>
<Corner_2>
  306 357</Corner_2>
<Corner_3>
  295 351</Corner_3>
<Corner_4>
  286 345</Corner_4>
<Corner_5>
  278 339</Corner_5>
<Corner_6>
  268 333</Corner_6>
<Corner_7>
  260 329</Corner_7>
<Corner_8>
  339 364</Corner_8>
<Corner_9>
  328 358</Corner_9>
<Corner_10>
  318 352</Corner_10>
<Corner_11>
  308 345</Corner_11>
<Corner_12>
  298 340</Corner_12>
<Corner_13>
  289 333</Corner_13>
<Corner_14>
  281 329</Corner_14>
<Corner_15>
  272 323</Corner_15>
<Corner_16>
  351 357</Corner_16>
<Corner_17>
  340 352</Corner_17>
<Corner_18>
  330 346</Corner_18>
<Corner_19>
  320 341</Corner_19>
<Corner_20>
  310 334</Corner_20>
<Corner_21>
  301 329</Corner_21>
<Corner_22>
  292 323</Corner_22>
<Corner_23>
  283 318</Corner_23>
<Corner_24>
  362 352</Corner_24>
<Corner_25>
  351 347</Corner_25>
<Corner_26>
  341 342</Corner_26>
<Corner_27>
  332 336</Corner_27>
<Corner_28>
  321 330</Corner_28>
<Corner_29>
  312 324</Corner_29>
<Corner_30>
  303 319</Corner_30>
<Corner_31>
  295 314</Corner_31>
<Corner_32>
  373 347</Corner_32>
<Corner_33>
  363 341</Corner_33>
<Corner_34>
  353 336</Corner_34>
<Corner_35>
  342 331</Corner_35>
<Corner_36>
  332 325</Corner_36>
<Corner_37>
  323 320</Corner_37>
<Corner_38>
  315 315</Corner_38>
<Corner_39>
  305 310</Corner_39>
<Corner_40>
  384 341</Corner_40>
<Corner_41>
  372 335</Corner_41>
<Corner_42>
  363 331</Corner_42>
<Corner_43>
  352 324</Corner_43>
<Corner_44>
  342 320</Corner_44>
<Corner_45>
  333 316</Corner_45>
<Corner_46>
  324 311</Corner_46>
<Corner_47>
  316 305</Corner_47>
</opencv_storage>
