<?xml version="1.0"?>
<opencv_storage>
<CameraMatrix type_id="opencv-matrix">
  <rows>3</rows>
  <cols>3</cols>
  <dt>f</dt>
  <data>
    4.9179941650048966e+02 0. 322.
    0. 4.9179941650048966e+02 243.
    0. 0. 1.
  </data>
</CameraMatrix>
<DistortionCoeffs type_id="opencv-matrix">
  <rows>5</rows>
  <cols>1</cols>
  <dt>f</dt>
  <data>
    -3.7138325401899464e-01 
	2.1361979076089208e-01 
	0. 
	0.
    -8.1116689627271546e-02
  </data>
</DistortionCoeffs>
</opencv_storage>
