<?xml version="1.0"?>
<opencv_storage>
<calibration_time>"Mon Feb 19 10:24:02 2018"</calibration_time>
<nr_of_frames>42</nr_of_frames>
<image_width>644</image_width>
<image_height>486</image_height>
<board_width>8</board_width>
<board_height>6</board_height>
<square_size>25.</square_size>
<fix_aspect_ratio>1.</fix_aspect_ratio>
<!-- flags: +fix_aspectRatio +fix_principal_point +zero_tangent_dist +fix_k4 +fix_k5 -->
<flags>6158</flags>
<fisheye_model>0</fisheye_model>
<camera_matrix type_id="opencv-matrix">
  <rows>3</rows>
  <cols>3</cols>
  <dt>d</dt>
  <data>
    4.9215148520265859e+02 0. 322. 0. 4.9215148520265859e+02 243. 0. 0.
    1.</data></camera_matrix>
<distortion_coefficients type_id="opencv-matrix">
  <rows>5</rows>
  <cols>1</cols>
  <dt>d</dt>
  <data>
    -3.7141258166879532e-01 2.1792236734775647e-01 0. 0.
    -8.3732645356971683e-02</data></distortion_coefficients>
<avg_reprojection_error>9.9488562017306237e-01</avg_reprojection_error>
<per_view_reprojection_errors type_id="opencv-matrix">
  <rows>42</rows>
  <cols>1</cols>
  <dt>f</dt>
  <data>
    1.24484909e+00 1.06002390e+00 2.63751197e+00 2.83001482e-01
    2.72907764e-01 2.94397265e-01 2.46916249e-01 2.82703489e-01
    4.33761179e-01 5.21323860e-01 5.39202392e-01 5.79986453e-01
    5.28501451e-01 5.04032433e-01 5.49448371e-01 4.88246769e-01
    4.96910721e-01 4.75648969e-01 5.12797534e-01 4.87299144e-01
    5.03328204e-01 3.69167835e-01 2.37207443e-01 2.10221350e-01
    1.72689632e-01 1.58566043e-01 1.64602622e-01 2.65864611e-01
    2.65969038e-01 2.55933821e-01 2.57142156e-01 2.97242045e-01
    3.28266710e-01 9.85214412e-01 2.12922826e-01 2.14681625e-01
    2.29325309e-01 2.89696097e-01 8.38798225e-01 3.38919020e+00
    3.51808786e+00 1.27212286e+00</data></per_view_reprojection_errors>
<!-- a set of 6-tuples (rotation vector + translation vector) for each view -->
<extrinsic_parameters type_id="opencv-matrix">
  <rows>42</rows>
  <cols>6</cols>
  <dt>d</dt>
  <data>
    -9.2038880207778573e-01 -9.5679790516939173e-02
    -2.1472619815820304e-01 -1.8503725989980694e+02
    3.1274635351230046e+01 3.2747723013159191e+02
    -6.2943897522821524e-01 6.5779613781095192e-01
    3.1271435477847737e-01 3.6834743093867047e+01
    -3.2767927457608664e+01 3.5312956841839167e+02
    -3.4010344103211482e-01 1.2657440134869162e+00
    3.8827626009431904e-01 6.6596549729143746e+01
    -5.4618329860992162e+01 3.8718925195289154e+02
    -2.6212742645861931e-03 6.8416232081672945e-01
    1.7071118060758136e-01 -1.3651565914711178e+01
    -1.0540536604325182e+02 3.3896793967844491e+02
    3.4174809986389533e-02 5.3585682902482579e-01 5.5147779625821125e-02
    -2.7986074166608677e+01 -1.0684839408178421e+02
    3.3152724407351809e+02 -2.2919200379158931e-02
    4.9059905778878377e-01 1.5376445691835482e-02
    -2.4874733274853419e+01 -1.0359468051718324e+02
    3.3801519174501220e+02 4.2671687874326253e-01 2.0534549630555776e-01
    -1.0497523839747894e-02 -2.2360093294931328e+01
    -1.5084562585859064e+02 2.9804079057092349e+02
    5.5862845653369098e-01 1.8924175113791625e-01
    -1.4824170335298936e-02 -2.5821762336907714e+01
    -1.3728494606863785e+02 2.7869632139836114e+02
    8.1474404365792830e-01 2.8353445949032957e-01
    -9.3165378627744239e-02 -3.8558730688548359e+01
    -1.0841178834171944e+02 2.5573943411803043e+02
    9.2549860430974618e-01 3.6028813392112918e-01
    -1.5407951883629634e-01 -4.6511746777143898e+01
    -9.3444745366103689e+01 2.5063449520768739e+02
    9.3867050728862356e-01 3.5786197652088303e-01
    -1.5477750841659454e-01 -4.7766030026299241e+01
    -9.1393428850465895e+01 2.4946824124733078e+02
    9.8361979162346203e-01 2.5043910924598473e-01
    -1.3850543474681229e-01 -7.3962182811567786e+01
    -8.6286740447549874e+01 2.5509602558006958e+02
    9.5480272885301365e-01 -1.5855931786055782e-01
    4.2973573907895656e-02 -1.4315865437733993e+02
    -8.7281955997181115e+01 2.2458463955712847e+02
    8.6831822226655364e-01 -7.2689208656019699e-01
    2.2617162618424844e-01 -1.1075292918104520e+02
    -9.1750548576522220e+01 2.0582932820869232e+02
    8.3617066615901181e-01 -9.1238691220047585e-01
    2.5171396675897756e-01 -8.8531924976764529e+01
    -9.2823392505628931e+01 2.1187169224056331e+02
    8.4207221581663905e-01 -8.7387753964905313e-01
    2.3252279959070657e-01 -8.8749338032771320e+01
    -9.2379498337799816e+01 2.1190032869171668e+02
    8.6715166027150081e-01 -6.7689829510670296e-01
    1.7492654004249292e-01 -1.1376475849619084e+02
    -9.1730487852908936e+01 2.1216928202049715e+02
    8.8386464295249889e-01 -5.0099221589022402e-01
    1.0605405296208692e-01 -1.2717115277263261e+02
    -9.0737669276607349e+01 2.1729206742824479e+02
    9.1585719858157122e-01 -2.0582037506051687e-01
    5.5227677401089359e-02 -1.0895938154409396e+02
    -9.3810176824495230e+01 2.3676342317044836e+02
    9.1178960449984037e-01 -1.5657098900079428e-01
    4.9244696046982311e-02 -1.1867642268053901e+02
    -9.6017085870582548e+01 2.4102223330775402e+02
    9.0387508044935050e-01 -1.0959800936772230e-02
    -3.3396075919516141e-03 -1.2188316067917344e+02
    -9.7342124054819763e+01 2.5345757573753340e+02
    6.6591274695452340e-01 5.1653129529356057e-01
    -1.3423796659470219e-01 -9.9254478592377254e+01
    -1.7684211443461089e+00 3.7853730864585282e+02
    3.5786851722069396e-01 5.1126681631415438e-01
    -2.7327037469958050e-02 -8.7371783701245533e+01
    -4.1479641918638482e-01 4.0118344434638408e+02
    1.2181911052769290e-01 4.7485427376638689e-01 3.7575979943962834e-02
    -7.8880590404581156e+01 5.4970421810945336e+00
    4.1820069448771414e+02 -1.8702617627385301e-01
    4.2412951547399708e-01 1.2036964219321852e-01
    -6.8820202583630916e+01 1.1343495504056293e+01
    4.3206341747279868e+02 -2.4675203444996821e-01
    5.7675256304855615e-01 1.1828862233762721e-01
    -4.7912344013433831e+01 1.6573216079887413e+01
    4.5196838659751774e+02 -2.0599451911365665e-01
    3.4203587763383791e-01 8.1670132167525653e-02
    -6.6433832356000849e+01 1.4952895922769621e+01
    4.3536604848326556e+02 -1.0006333023576192e-01
    -1.1769243547652864e-02 -3.8453306301281806e-03
    -1.1284255308278988e+02 1.9734058230737585e+01
    4.1027282043323817e+02 -4.4803097031645825e-02
    -1.4472509939757924e-01 -7.0628180664023751e-02
    -1.2698941531607898e+02 2.4305147125277003e+01
    3.8314508563952666e+02 -8.5505748607642817e-02
    -3.7654504493405949e-01 -1.1972440531874354e-01
    -1.4362979212076138e+02 2.4752343444081024e+01
    3.6825737746917235e+02 -1.2108705499414010e-01
    -5.7783853725426904e-01 -1.8996586419215719e-01
    -1.7472740038348067e+02 3.2267065512966369e+01
    3.3901962252216731e+02 -1.6743056842528245e-01
    -4.9216071222498120e-01 -2.0728917184959264e-01
    -1.7865389900584182e+02 3.4144102212787281e+01
    3.4837030398105185e+02 -2.0451328796877671e-01
    -6.0911005090819960e-02 -5.8053041746783079e-02
    -1.4173501151472274e+02 1.9721980787465263e+01
    3.9679956450713365e+02 -3.5365825998811823e-01
    7.3378082262001731e-01 1.4164659544882136e-01 3.0849525939950269e+00
    3.2054039725003740e+01 4.5357038579838360e+02
    -3.3188118346441303e-01 7.7370332289361210e-01
    1.4093438067418687e-01 1.3000082114794802e+01 3.3200647424933003e+01
    4.4766618698175654e+02 -3.0366601258013692e-01
    7.8538004258610350e-01 1.2738315757391885e-01 7.2203303868568387e+00
    3.3022045374227133e+01 4.4322045136850363e+02 1.0323292601342708e-01
    7.7406416520147381e-01 3.5069721449986942e-03
    -7.1469856176613376e+01 -6.7758895777948624e+01
    4.6617971554075905e+02 6.1904868381682611e-02 8.2787159971560609e-01
    3.0720792390298712e-01 -5.8997812361583335e+01
    -7.1331677004586226e+01 4.0828682685168229e+02
    6.9606894502695305e-02 8.7447003713035976e-01 1.6119465355697918e-01
    -7.7591728771202270e+01 -4.7367602586602302e+01
    4.1562762407795816e+02 1.3945462847709381e-01 8.6649224896359844e-01
